train-1000-100.csv , 0 , 3.4349195199 , 4.38250159221
train-1000-100.csv , 1 , 3.43530068906 , 4.37514591159
train-1000-100.csv , 2 , 3.43614372787 , 4.36829776283
train-1000-100.csv , 3 , 3.43729476198 , 4.36188558252
train-1000-100.csv , 4 , 3.43871221147 , 4.35590709976
train-1000-100.csv , 5 , 3.44037568768 , 4.35035855903
train-1000-100.csv , 6 , 3.44226922621 , 4.34522917944
train-1000-100.csv , 7 , 3.4443778685 , 4.34050327472
train-1000-100.csv , 8 , 3.44668707721 , 4.33616247908
train-1000-100.csv , 9 , 3.44918275894 , 4.33218725928
train-1000-100.csv , 10 , 3.45185137763 , 4.3285578485
train-1000-100.csv , 11 , 3.45468004409 , 4.32525480129
train-1000-100.csv , 12 , 3.45765656615 , 4.32225931242
train-1000-100.csv , 13 , 3.46076946619 , 4.3195533906
train-1000-100.csv , 14 , 3.46400797608 , 4.31711994294
train-1000-100.csv , 15 , 3.46736201742 , 4.31494280455
train-1000-100.csv , 16 , 3.4708221729 , 4.31300673477
train-1000-100.csv , 17 , 3.47437965288 , 4.31129739323
train-1000-100.csv , 18 , 3.47802625969 , 4.30980130425
train-1000-100.csv , 19 , 3.48175435133 , 4.30850581495
train-1000-100.csv , 20 , 3.48555680587 , 4.30739905042
train-1000-100.csv , 21 , 3.48942698689 , 4.30646986812
train-1000-100.csv , 22 , 3.49335871062 , 4.30570781297
train-1000-100.csv , 23 , 3.49734621488 , 4.3051030738
train-1000-100.csv , 24 , 3.50138412986 , 4.30464644176
train-1000-100.csv , 25 , 3.50546745084 , 4.30432927092
train-1000-100.csv , 26 , 3.5095915127 , 4.30414344117
train-1000-100.csv , 27 , 3.51375196632 , 4.30408132341
train-1000-100.csv , 28 , 3.51794475651 , 4.30413574705
train-1000-100.csv , 29 , 3.52216610168 , 4.30429996969
train-1000-100.csv , 30 , 3.5264124749 , 4.30456764891
train-1000-100.csv , 31 , 3.53068058637 , 4.30493281596
train-1000-100.csv , 32 , 3.53496736721 , 4.30538985134
train-1000-100.csv , 33 , 3.53926995437 , 4.30593346216
train-1000-100.csv , 34 , 3.54358567673 , 4.30655866104
train-1000-100.csv , 35 , 3.54791204214 , 4.30726074648
train-1000-100.csv , 36 , 3.55224672543 , 4.3080352847
train-1000-100.csv , 37 , 3.55658755733 , 4.30887809273
train-1000-100.csv , 38 , 3.56093251411 , 4.30978522263
train-1000-100.csv , 39 , 3.56527970802 , 4.31075294691
train-1000-100.csv , 40 , 3.5696273784 , 4.31177774487
train-1000-100.csv , 41 , 3.57397388339 , 4.31285628997
train-1000-100.csv , 42 , 3.57831769227 , 4.31398543798
train-1000-100.csv , 43 , 3.58265737828 , 4.31516221599
train-1000-100.csv , 44 , 3.58699161201 , 4.31638381219
train-1000-100.csv , 45 , 3.59131915515 , 4.31764756622
train-1000-100.csv , 46 , 3.59563885476 , 4.31895096031
train-1000-100.csv , 47 , 3.59994963786 , 4.32029161092
train-1000-100.csv , 48 , 3.60425050645 , 4.32166726091
train-1000-100.csv , 49 , 3.60854053279 , 4.3230757723
train-1000-100.csv , 50 , 3.61281885503 , 4.32451511942
train-1000-100.csv , 51 , 3.61708467318 , 4.32598338253
train-1000-100.csv , 52 , 3.62133724523 , 4.32747874188
train-1000-100.csv , 53 , 3.62557588364 , 4.32899947206
train-1000-100.csv , 54 , 3.62979995197 , 4.33054393681
train-1000-100.csv , 55 , 3.63400886177 , 4.33211058403
train-1000-100.csv , 56 , 3.63820206966 , 4.33369794122
train-1000-100.csv , 57 , 3.64237907463 , 4.33530461114
train-1000-100.csv , 58 , 3.64653941542 , 4.33692926768
train-1000-100.csv , 59 , 3.65068266815 , 4.33857065211
train-1000-100.csv , 60 , 3.65480844408 , 4.34022756942
train-1000-100.csv , 61 , 3.65891638747 , 4.34189888497
train-1000-100.csv , 62 , 3.66300617364 , 4.34358352129
train-1000-100.csv , 63 , 3.66707750705 , 4.34528045509
train-1000-100.csv , 64 , 3.67113011962 , 4.34698871441
train-1000-100.csv , 65 , 3.67516376905 , 4.34870737601
train-1000-100.csv , 66 , 3.67917823728 , 4.35043556279
train-1000-100.csv , 67 , 3.68317332907 , 4.3521724415
train-1000-100.csv , 68 , 3.6871488706 , 4.35391722043
train-1000-100.csv , 69 , 3.69110470822 , 4.35566914736
train-1000-100.csv , 70 , 3.69504070723 , 4.35742750755
train-1000-100.csv , 71 , 3.69895675074 , 4.35919162184
train-1000-100.csv , 72 , 3.70285273861 , 4.36096084491
train-1000-100.csv , 73 , 3.70672858648 , 4.36273456358
train-1000-100.csv , 74 , 3.71058422474 , 4.3645121952
train-1000-100.csv , 75 , 3.71441959773 , 4.3662931862
train-1000-100.csv , 76 , 3.71823466282 , 4.36807701062
train-1000-100.csv , 77 , 3.72202938969 , 4.36986316877
train-1000-100.csv , 78 , 3.72580375952 , 4.37165118599
train-1000-100.csv , 79 , 3.72955776433 , 4.3734406114
train-1000-100.csv , 80 , 3.73329140629 , 4.37523101678
train-1000-100.csv , 81 , 3.73700469712 , 4.37702199546
train-1000-100.csv , 82 , 3.74069765746 , 4.37881316133
train-1000-100.csv , 83 , 3.74437031636 , 4.38060414782
train-1000-100.csv , 84 , 3.7480227107 , 4.382394607
train-1000-100.csv , 85 , 3.75165488474 , 4.38418420871
train-1000-100.csv , 86 , 3.75526688962 , 4.38597263968
train-1000-100.csv , 87 , 3.75885878295 , 4.38775960279
train-1000-100.csv , 88 , 3.76243062834 , 4.38954481629
train-1000-100.csv , 89 , 3.76598249507 , 4.39132801308
train-1000-100.csv , 90 , 3.76951445764 , 4.39310894005
train-1000-100.csv , 91 , 3.7730265955 , 4.3948873574
train-1000-100.csv , 92 , 3.77651899265 , 4.39666303807
train-1000-100.csv , 93 , 3.77999173736 , 4.39843576712
train-1000-100.csv , 94 , 3.78344492187 , 4.40020534118
train-1000-100.csv , 95 , 3.7868786421 , 4.40197156793
train-1000-100.csv , 96 , 3.79029299737 , 4.40373426559
train-1000-100.csv , 97 , 3.79368809018 , 4.40549326244
train-1000-100.csv , 98 , 3.79706402597 , 4.40724839636
train-1000-100.csv , 99 , 3.80042091287 , 4.40899951439
train-1000-100.csv , 100 , 3.8037588615 , 4.41074647235
train-1000-100.csv , 101 , 3.80707798479 , 4.41248913439
train-1000-100.csv , 102 , 3.81037839774 , 4.41422737264
train-1000-100.csv , 103 , 3.81366021732 , 4.41596106686
train-1000-100.csv , 104 , 3.81692356221 , 4.41769010409
train-1000-100.csv , 105 , 3.82016855272 , 4.41941437831
train-1000-100.csv , 106 , 3.82339531059 , 4.42113379014
train-1000-100.csv , 107 , 3.82660395885 , 4.42284824656
train-1000-100.csv , 108 , 3.82979462172 , 4.42455766057
train-1000-100.csv , 109 , 3.83296742443 , 4.42626195099
train-1000-100.csv , 110 , 3.83612249318 , 4.42796104215
train-1000-100.csv , 111 , 3.83925995491 , 4.42965486367
train-1000-100.csv , 112 , 3.84237993731 , 4.4313433502
train-1000-100.csv , 113 , 3.84548256865 , 4.43302644122
train-1000-100.csv , 114 , 3.8485679777 , 4.43470408081
train-1000-100.csv , 115 , 3.85163629365 , 4.43637621745
train-1000-100.csv , 116 , 3.85468764599 , 4.43804280381
train-1000-100.csv , 117 , 3.8577221645 , 4.43970379659
train-1000-100.csv , 118 , 3.8607399791 , 4.4413591563
train-1000-100.csv , 119 , 3.86374121982 , 4.44300884714
train-1000-100.csv , 120 , 3.86672601672 , 4.44465283678
train-1000-100.csv , 121 , 3.86969449983 , 4.44629109626
train-1000-100.csv , 122 , 3.8726467991 , 4.44792359978
train-1000-100.csv , 123 , 3.87558304432 , 4.4495503246
train-1000-100.csv , 124 , 3.87850336508 , 4.45117125088
train-1000-100.csv , 125 , 3.88140789073 , 4.45278636158
train-1000-100.csv , 126 , 3.88429675034 , 4.45439564229
train-1000-100.csv , 127 , 3.88717007261 , 4.45599908114
train-1000-100.csv , 128 , 3.89002798588 , 4.45759666867
train-1000-100.csv , 129 , 3.89287061807 , 4.45918839772
train-1000-100.csv , 130 , 3.89569809665 , 4.46077426335
train-1000-100.csv , 131 , 3.89851054859 , 4.4623542627
train-1000-100.csv , 132 , 3.90130810035 , 4.46392839492
train-1000-100.csv , 133 , 3.90409087784 , 4.46549666106
train-1000-100.csv , 134 , 3.9068590064 , 4.467059064
train-1000-100.csv , 135 , 3.90961261076 , 4.46861560835
train-1000-100.csv , 136 , 3.91235181503 , 4.47016630038
train-1000-100.csv , 137 , 3.91507674266 , 4.47171114792
train-1000-100.csv , 138 , 3.91778751645 , 4.47325016032
train-1000-100.csv , 139 , 3.9204842585 , 4.47478334834
train-1000-100.csv , 140 , 3.92316709022 , 4.4763107241
train-1000-100.csv , 141 , 3.92583613227 , 4.47783230105
train-1000-100.csv , 142 , 3.92849150461 , 4.47934809381
train-1000-100.csv , 143 , 3.93113332641 , 4.48085811823
train-1000-100.csv , 144 , 3.93376171612 , 4.48236239124
train-1000-100.csv , 145 , 3.93637679137 , 4.48386093083
train-1000-100.csv , 146 , 3.93897866905 , 4.485353756
train-1000-100.csv , 147 , 3.94156746523 , 4.4868408867
train-1000-100.csv , 148 , 3.94414329517 , 4.4883223438
train-1000-100.csv , 149 , 3.94670627333 , 4.48979814899
train-1000-100.csv , 150 , 3.94925651337 , 4.49126832481
train-100-10.csv , 0 , 3.56399319501 , 4.40753973533
train-100-10.csv , 1 , 3.5743534445 , 4.31678223937
train-100-10.csv , 2 , 3.59457536343 , 4.26029557482
train-100-10.csv , 3 , 3.61786778242 , 4.22331202081
train-100-10.csv , 4 , 3.64180432247 , 4.19878709685
train-100-10.csv , 5 , 3.66533526398 , 4.18270320054
train-100-10.csv , 6 , 3.68798579398 , 4.17256120507
train-100-10.csv , 7 , 3.70955568429 , 4.16672213465
train-100-10.csv , 8 , 3.72998432433 , 4.16407023297
train-100-10.csv , 9 , 3.74928354109 , 4.16382375173
train-100-10.csv , 10 , 3.76750211758 , 4.16542199789
train-100-10.csv , 11 , 3.78470640753 , 4.16845484235
train-100-10.csv , 12 , 3.80096957638 , 4.17261717914
train-100-10.csv , 13 , 3.81636563562 , 4.17767866044
train-100-10.csv , 14 , 3.83096620546 , 4.18346309849
train-100-10.csv , 15 , 3.84483885243 , 4.18983415542
train-100-10.csv , 16 , 3.85804634094 , 4.19668522087
train-100-10.csv , 17 , 3.87064641215 , 4.20393213648
train-100-10.csv , 18 , 3.88269186152 , 4.21150789114
train-100-10.csv , 19 , 3.89423077807 , 4.21935870287
train-100-10.csv , 20 , 3.90530686405 , 4.22744109076
train-100-10.csv , 21 , 3.91595978628 , 4.23571966314
train-100-10.csv , 22 , 3.92622553096 , 4.24416543032
train-100-10.csv , 23 , 3.9361367459 , 4.25275450585
train-100-10.csv , 24 , 3.94572306167 , 4.26146709836
train-100-10.csv , 25 , 3.95501138781 , 4.27028672287
train-100-10.csv , 26 , 3.96402618292 , 4.27919957949
train-100-10.csv , 27 , 3.97278969905 , 4.28819406048
train-100-10.csv , 28 , 3.9813222017 , 4.29726035684
train-100-10.csv , 29 , 3.98964216725 , 4.30639014246
train-100-10.csv , 30 , 3.99776645966 , 4.31557631912
train-100-10.csv , 31 , 4.00571048857 , 4.32481280954
train-100-10.csv , 32 , 4.01348835055 , 4.33409438871
train-100-10.csv , 33 , 4.02111295533 , 4.34341654566
train-100-10.csv , 34 , 4.02859613867 , 4.35277536972
train-100-10.csv , 35 , 4.03594876332 , 4.36216745672
train-100-10.csv , 36 , 4.04318080932 , 4.37158983101
train-100-10.csv , 37 , 4.05030145506 , 4.38103988075
train-100-10.csv , 38 , 4.0573191498 , 4.39051530374
train-100-10.csv , 39 , 4.06424167892 , 4.40001406216
train-100-10.csv , 40 , 4.07107622253 , 4.40953434443
train-100-10.csv , 41 , 4.07782940823 , 4.41907453311
train-100-10.csv , 42 , 4.08450735865 , 4.42863317783
train-100-10.csv , 43 , 4.09111573437 , 4.43820897224
train-100-10.csv , 44 , 4.09765977267 , 4.44780073452
train-100-10.csv , 45 , 4.10414432263 , 4.45740739075
train-100-10.csv , 46 , 4.1105738769 , 4.46702796073
train-100-10.csv , 47 , 4.11695260049 , 4.47666154582
train-100-10.csv , 48 , 4.12328435695 , 4.48630731857
train-100-10.csv , 49 , 4.12957273219 , 4.49596451378
train-100-10.csv , 50 , 4.13582105613 , 4.50563242083
train-100-10.csv , 51 , 4.14203242241 , 4.51531037704
train-100-10.csv , 52 , 4.14820970648 , 4.52499776198
train-100-10.csv , 53 , 4.15435558198 , 4.53469399249
train-100-10.csv , 54 , 4.16047253584 , 4.54439851847
train-100-10.csv , 55 , 4.16656288209 , 4.5541108191
train-100-10.csv , 56 , 4.17262877442 , 4.56383039966
train-100-10.csv , 57 , 4.17867221783 , 4.57355678869
train-100-10.csv , 58 , 4.18469507929 , 4.58328953559
train-100-10.csv , 59 , 4.19069909746 , 4.59302820848
train-100-10.csv , 60 , 4.19668589179 , 4.60277239231
train-100-10.csv , 61 , 4.20265697075 , 4.61252168727
train-100-10.csv , 62 , 4.20861373953 , 4.62227570737
train-100-10.csv , 63 , 4.21455750709 , 4.63203407916
train-100-10.csv , 64 , 4.22048949268 , 4.64179644068
train-100-10.csv , 65 , 4.22641083187 , 4.65156244046
train-100-10.csv , 66 , 4.23232258216 , 4.66133173671
train-100-10.csv , 67 , 4.23822572814 , 4.67110399657
train-100-10.csv , 68 , 4.24412118626 , 4.68087889542
train-100-10.csv , 69 , 4.25000980931 , 4.69065611636
train-100-10.csv , 70 , 4.25589239051 , 4.70043534967
train-100-10.csv , 71 , 4.26176966739 , 4.71021629235
train-100-10.csv , 72 , 4.26764232532 , 4.71999864774
train-100-10.csv , 73 , 4.27351100083 , 4.72978212515
train-100-10.csv , 74 , 4.27937628472 , 4.73956643957
train-100-10.csv , 75 , 4.2852387249 , 4.74935131135
train-100-10.csv , 76 , 4.2910988291 , 4.759136466
train-100-10.csv , 77 , 4.29695706737 , 4.76892163393
train-100-10.csv , 78 , 4.30281387438 , 4.77870655026
train-100-10.csv , 79 , 4.30866965165 , 4.78849095465
train-100-10.csv , 80 , 4.31452476956 , 4.79827459113
train-100-10.csv , 81 , 4.32037956924 , 4.80805720799
train-100-10.csv , 82 , 4.32623436437 , 4.81783855758
train-100-10.csv , 83 , 4.33208944288 , 4.82761839625
train-100-10.csv , 84 , 4.33794506843 , 4.83739648425
train-100-10.csv , 85 , 4.34380148195 , 4.84717258557
train-100-10.csv , 86 , 4.34965890298 , 4.85694646793
train-100-10.csv , 87 , 4.35551753096 , 4.86671790263
train-100-10.csv , 88 , 4.36137754642 , 4.87648666452
train-100-10.csv , 89 , 4.36723911217 , 4.88625253192
train-100-10.csv , 90 , 4.37310237428 , 4.89601528655
train-100-10.csv , 91 , 4.37896746316 , 4.90577471346
train-100-10.csv , 92 , 4.38483449444 , 4.91553060099
train-100-10.csv , 93 , 4.3907035699 , 4.92528274074
train-100-10.csv , 94 , 4.39657477827 , 4.93503092747
train-100-10.csv , 95 , 4.40244819602 , 4.94477495909
train-100-10.csv , 96 , 4.40832388811 , 4.95451463659
train-100-10.csv , 97 , 4.41420190867 , 4.96424976403
train-100-10.csv , 98 , 4.42008230164 , 4.97398014848
train-100-10.csv , 99 , 4.42596510142 , 4.98370559998
train-100-10.csv , 100 , 4.43185033344 , 4.9934259315
train-100-10.csv , 101 , 4.43773801468 , 5.00314095893
train-100-10.csv , 102 , 4.44362815422 , 5.01285050101
train-100-10.csv , 103 , 4.4495207537 , 5.0225543793
train-100-10.csv , 104 , 4.4554158078 , 5.03225241819
train-100-10.csv , 105 , 4.46131330467 , 5.0419444448
train-100-10.csv , 106 , 4.46721322633 , 5.05163028902
train-100-10.csv , 107 , 4.47311554906 , 5.06130978342
train-100-10.csv , 108 , 4.47902024377 , 5.07098276323
train-100-10.csv , 109 , 4.48492727634 , 5.08064906636
train-100-10.csv , 110 , 4.49083660795 , 5.0903085333
train-100-10.csv , 111 , 4.49674819539 , 5.09996100713
train-100-10.csv , 112 , 4.50266199134 , 5.10960633349
train-100-10.csv , 113 , 4.50857794466 , 5.11924436054
train-100-10.csv , 114 , 4.51449600064 , 5.12887493893
train-100-10.csv , 115 , 4.52041610125 , 5.13849792179
train-100-10.csv , 116 , 4.52633818537 , 5.14811316469
train-100-10.csv , 117 , 4.532262189 , 5.15772052561
train-100-10.csv , 118 , 4.53818804552 , 5.1673198649
train-100-10.csv , 119 , 4.54411568581 , 5.17691104528
train-100-10.csv , 120 , 4.55004503849 , 5.1864939318
train-100-10.csv , 121 , 4.55597603008 , 5.19606839182
train-100-10.csv , 122 , 4.56190858516 , 5.20563429496
train-100-10.csv , 123 , 4.56784262655 , 5.2151915131
train-100-10.csv , 124 , 4.57377807543 , 5.22473992035
train-100-10.csv , 125 , 4.57971485152 , 5.23427939301
train-100-10.csv , 126 , 4.58565287317 , 5.24380980954
train-100-10.csv , 127 , 4.5915920575 , 5.25333105057
train-100-10.csv , 128 , 4.59753232056 , 5.26284299882
train-100-10.csv , 129 , 4.60347357739 , 5.27234553913
train-100-10.csv , 130 , 4.60941574214 , 5.28183855839
train-100-10.csv , 131 , 4.6153587282 , 5.29132194556
train-100-10.csv , 132 , 4.62130244826 , 5.30079559158
train-100-10.csv , 133 , 4.62724681443 , 5.31025938941
train-100-10.csv , 134 , 4.6331917383 , 5.31971323398
train-100-10.csv , 135 , 4.63913713103 , 5.32915702214
train-100-10.csv , 136 , 4.64508290346 , 5.33859065269
train-100-10.csv , 137 , 4.65102896612 , 5.34801402632
train-100-10.csv , 138 , 4.65697522935 , 5.35742704556
train-100-10.csv , 139 , 4.66292160333 , 5.36682961484
train-100-10.csv , 140 , 4.66886799818 , 5.37622164037
train-100-10.csv , 141 , 4.67481432397 , 5.38560303018
train-100-10.csv , 142 , 4.68076049083 , 5.39497369408
train-100-10.csv , 143 , 4.68670640895 , 5.40433354363
train-100-10.csv , 144 , 4.69265198864 , 5.41368249213
train-100-10.csv , 145 , 4.69859714042 , 5.42302045458
train-100-10.csv , 146 , 4.704541775 , 5.43234734768
train-100-10.csv , 147 , 4.71048580335 , 5.44166308977
train-100-10.csv , 148 , 4.71642913676 , 5.45096760086
train-100-10.csv , 149 , 4.72237168683 , 5.46026080257
train-100-10.csv , 150 , 4.72831336553 , 5.46954261812
100(1000)_100_train.csv , 0 , 6759.77039729 , 12443.6298122
100(1000)_100_train.csv , 1 , 0.916747892102 , 7.8835491934
100(1000)_100_train.csv , 2 , 1.22465411213 , 6.55932014352
100(1000)_100_train.csv , 3 , 1.434070215 , 6.07638078251
100(1000)_100_train.csv , 4 , 1.60144292296 , 5.81334961754
100(1000)_100_train.csv , 5 , 1.74387876233 , 5.64533383058
100(1000)_100_train.csv , 6 , 1.86891235003 , 5.52895075459
100(1000)_100_train.csv , 7 , 1.98069247457 , 5.44442395082
100(1000)_100_train.csv , 8 , 2.08185134996 , 5.38117575183
100(1000)_100_train.csv , 9 , 2.17422035554 , 5.33293206619
100(1000)_100_train.csv , 10 , 2.25915472392 , 5.29569474638
100(1000)_100_train.csv , 11 , 2.33770100999 , 5.26677877809
100(1000)_100_train.csv , 12 , 2.41069250605 , 5.24430739007
100(1000)_100_train.csv , 13 , 2.47880800189 , 5.22692668635
100(1000)_100_train.csv , 14 , 2.54261025005 , 5.21363465587
100(1000)_100_train.csv , 15 , 2.60257238913 , 5.20367382054
100(1000)_100_train.csv , 16 , 2.65909680459 , 5.19646121718
100(1000)_100_train.csv , 17 , 2.71252901283 , 5.19154125677
100(1000)_100_train.csv , 18 , 2.76316814171 , 5.18855312289
100(1000)_100_train.csv , 19 , 2.81127500763 , 5.18720770014
100(1000)_100_train.csv , 20 , 2.85707844909 , 5.18727091758
100(1000)_100_train.csv , 21 , 2.9007803671 , 5.18855151119
100(1000)_100_train.csv , 22 , 2.94255978736 , 5.19089189271
100(1000)_100_train.csv , 23 , 2.98257617043 , 5.19416124175
100(1000)_100_train.csv , 24 , 3.02097213538 , 5.19825021462
100(1000)_100_train.csv , 25 , 3.0578757202 , 5.20306684596
100(1000)_100_train.csv , 26 , 3.09340227231 , 5.20853334186
100(1000)_100_train.csv , 27 , 3.1276560406 , 5.21458354712
100(1000)_100_train.csv , 28 , 3.16073152486 , 5.22116092792
100(1000)_100_train.csv , 29 , 3.19271462595 , 5.2282169523
100(1000)_100_train.csv , 30 , 3.22368363151 , 5.23570978071
100(1000)_100_train.csv , 31 , 3.25371006485 , 5.24360319992
100(1000)_100_train.csv , 32 , 3.28285941928 , 5.25186574991
100(1000)_100_train.csv , 33 , 3.31119179607 , 5.26047000439
100(1000)_100_train.csv , 34 , 3.33876246094 , 5.26939197484
100(1000)_100_train.csv , 35 , 3.36562233117 , 5.27861061431
100(1000)_100_train.csv , 36 , 3.39181840352 , 5.28810740228
100(1000)_100_train.csv , 37 , 3.41739413141 , 5.29786599578
100(1000)_100_train.csv , 38 , 3.44238975836 , 5.30787193494
100(1000)_100_train.csv , 39 , 3.46684261368 , 5.31811239355
100(1000)_100_train.csv , 40 , 3.4907873753 , 5.32857596684
100(1000)_100_train.csv , 41 , 3.51425630413 , 5.33925249033
100(1000)_100_train.csv , 42 , 3.53727945353 , 5.35013288472
100(1000)_100_train.csv , 43 , 3.55988485687 , 5.36120902255
100(1000)_100_train.csv , 44 , 3.58209869603 , 5.37247361329
100(1000)_100_train.csv , 45 , 3.60394545297 , 5.38392010402
100(1000)_100_train.csv , 46 , 3.62544804639 , 5.39554259329
100(1000)_100_train.csv , 47 , 3.64662795521 , 5.4073357563
100(1000)_100_train.csv , 48 , 3.66750533038 , 5.41929477964
100(1000)_100_train.csv , 49 , 3.68809909618 , 5.43141530432
100(1000)_100_train.csv , 50 , 3.70842704236 , 5.4436933759
100(1000)_100_train.csv , 51 , 3.72850590792 , 5.45612540068
100(1000)_100_train.csv , 52 , 3.74835145744 , 5.46870810721
100(1000)_100_train.csv , 53 , 3.76797855084 , 5.48143851236
100(1000)_100_train.csv , 54 , 3.78740120713 , 5.49431389135
100(1000)_100_train.csv , 55 , 3.80663266271 , 5.50733175124
100(1000)_100_train.csv , 56 , 3.82568542493 , 5.52048980747
100(1000)_100_train.csv , 57 , 3.84457132121 , 5.53378596298
100(1000)_100_train.csv , 58 , 3.86330154418 , 5.54721828964
100(1000)_100_train.csv , 59 , 3.88188669326 , 5.56078501178
100(1000)_100_train.csv , 60 , 3.90033681298 , 5.57448449142
100(1000)_100_train.csv , 61 , 3.91866142832 , 5.5883152151
100(1000)_100_train.csv , 62 , 3.93686957738 , 5.60227578208
100(1000)_100_train.csv , 63 , 3.95496984156 , 5.61636489381
100(1000)_100_train.csv , 64 , 3.97297037356 , 5.63058134445
100(1000)_100_train.csv , 65 , 3.99087892323 , 5.64492401232
100(1000)_100_train.csv , 66 , 4.00870286167 , 5.65939185229
100(1000)_100_train.csv , 67 , 4.02644920352 , 5.67398388883
100(1000)_100_train.csv , 68 , 4.04412462775 , 5.68869920985
100(1000)_100_train.csv , 69 , 4.0617354969 , 5.70353696102
100(1000)_100_train.csv , 70 , 4.07928787515 , 5.71849634074
100(1000)_100_train.csv , 71 , 4.096787545 , 5.73357659553
100(1000)_100_train.csv , 72 , 4.11424002297 , 5.74877701587
100(1000)_100_train.csv , 73 , 4.13165057415 , 5.76409693244
100(1000)_100_train.csv , 74 , 4.14902422587 , 5.77953571267
100(1000)_100_train.csv , 75 , 4.16636578048 , 5.79509275767
100(1000)_100_train.csv , 76 , 4.18367982723 , 5.8107674994
100(1000)_100_train.csv , 77 , 4.20097075352 , 5.82655939806
100(1000)_100_train.csv , 78 , 4.21824275534 , 5.84246793979
100(1000)_100_train.csv , 79 , 4.23549984713 , 5.85849263453
100(1000)_100_train.csv , 80 , 4.252745871 , 5.87463301406
100(1000)_100_train.csv , 81 , 4.26998450543 , 5.89088863022
100(1000)_100_train.csv , 82 , 4.28721927337 , 5.90725905332
100(1000)_100_train.csv , 83 , 4.30445354996 , 5.92374387061
100(1000)_100_train.csv , 84 , 4.32169056973 , 5.94034268498
100(1000)_100_train.csv , 85 , 4.33893343337 , 5.95705511367
100(1000)_100_train.csv , 86 , 4.3561851142 , 5.97388078714
100(1000)_100_train.csv , 87 , 4.37344846413 , 5.99081934805
100(1000)_100_train.csv , 88 , 4.39072621944 , 6.00787045029
100(1000)_100_train.csv , 89 , 4.40802100611 , 6.0250337581
100(1000)_100_train.csv , 90 , 4.42533534491 , 6.04230894528
100(1000)_100_train.csv , 91 , 4.44267165622 , 6.05969569444
100(1000)_100_train.csv , 92 , 4.46003226456 , 6.07719369631
100(1000)_100_train.csv , 93 , 4.47741940292 , 6.09480264913
100(1000)_100_train.csv , 94 , 4.49483521677 , 6.11252225807
100(1000)_100_train.csv , 95 , 4.51228176797 , 6.13035223472
100(1000)_100_train.csv , 96 , 4.5297610384 , 6.14829229657
100(1000)_100_train.csv , 97 , 4.54727493342 , 6.16634216658
100(1000)_100_train.csv , 98 , 4.56482528519 , 6.18450157276
100(1000)_100_train.csv , 99 , 4.58241385572 , 6.20277024782
100(1000)_100_train.csv , 100 , 4.60004233988 , 6.22114792876
100(1000)_100_train.csv , 101 , 4.61771236823 , 6.23963435662
100(1000)_100_train.csv , 102 , 4.63542550964 , 6.25822927609
100(1000)_100_train.csv , 103 , 4.65318327385 , 6.27693243535
100(1000)_100_train.csv , 104 , 4.67098711391 , 6.2957435857
100(1000)_100_train.csv , 105 , 4.68883842846 , 6.3146624814
100(1000)_100_train.csv , 106 , 4.70673856389 , 6.33368887943
100(1000)_100_train.csv , 107 , 4.7246888165 , 6.3528225393
100(1000)_100_train.csv , 108 , 4.74269043441 , 6.37206322285
100(1000)_100_train.csv , 109 , 4.7607446195 , 6.39141069407
100(1000)_100_train.csv , 110 , 4.77885252919 , 6.41086471899
100(1000)_100_train.csv , 111 , 4.79701527819 , 6.43042506547
100(1000)_100_train.csv , 112 , 4.81523394009 , 6.45009150313
100(1000)_100_train.csv , 113 , 4.833509549 , 6.46986380317
100(1000)_100_train.csv , 114 , 4.851843101 , 6.48974173829
100(1000)_100_train.csv , 115 , 4.87023555556 , 6.50972508257
100(1000)_100_train.csv , 116 , 4.88868783696 , 6.52981361138
100(1000)_100_train.csv , 117 , 4.90720083555 , 6.55000710128
100(1000)_100_train.csv , 118 , 4.92577540902 , 6.57030532993
100(1000)_100_train.csv , 119 , 4.94441238358 , 6.59070807604
100(1000)_100_train.csv , 120 , 4.96311255514 , 6.61121511927
100(1000)_100_train.csv , 121 , 4.98187669035 , 6.63182624019
100(1000)_100_train.csv , 122 , 5.0007055277 , 6.65254122018
100(1000)_100_train.csv , 123 , 5.01959977849 , 6.67335984143
100(1000)_100_train.csv , 124 , 5.03856012783 , 6.69428188683
100(1000)_100_train.csv , 125 , 5.0575872355 , 6.71530713995
100(1000)_100_train.csv , 126 , 5.07668173691 , 6.73643538502
100(1000)_100_train.csv , 127 , 5.09584424388 , 6.75766640684
100(1000)_100_train.csv , 128 , 5.11507534551 , 6.77899999078
100(1000)_100_train.csv , 129 , 5.1343756089 , 6.80043592272
100(1000)_100_train.csv , 130 , 5.15374557997 , 6.82197398903
100(1000)_100_train.csv , 131 , 5.17318578411 , 6.84361397656
100(1000)_100_train.csv , 132 , 5.19269672694 , 6.86535567259
100(1000)_100_train.csv , 133 , 5.21227889489 , 6.88719886479
100(1000)_100_train.csv , 134 , 5.23193275593 , 6.90914334124
100(1000)_100_train.csv , 135 , 5.25165876012 , 6.93118889037
100(1000)_100_train.csv , 136 , 5.27145734019 , 6.95333530098
100(1000)_100_train.csv , 137 , 5.29132891218 , 6.97558236218
100(1000)_100_train.csv , 138 , 5.31127387591 , 6.99792986342
100(1000)_100_train.csv , 139 , 5.33129261554 , 7.02037759441
100(1000)_100_train.csv , 140 , 5.35138550005 , 7.0429253452
100(1000)_100_train.csv , 141 , 5.37155288378 , 7.06557290608
100(1000)_100_train.csv , 142 , 5.39179510682 , 7.08832006762
100(1000)_100_train.csv , 143 , 5.41211249553 , 7.11116662064
100(1000)_100_train.csv , 144 , 5.43250536293 , 7.13411235621
100(1000)_100_train.csv , 145 , 5.45297400915 , 7.15715706565
100(1000)_100_train.csv , 146 , 5.47351872179 , 7.1803005405
100(1000)_100_train.csv , 147 , 5.49413977635 , 7.20354257253
100(1000)_100_train.csv , 148 , 5.51483743659 , 7.22688295373
100(1000)_100_train.csv , 149 , 5.53561195489 , 7.25032147632
100(1000)_100_train.csv , 150 , 5.55646357259 , 7.27385793271
150(1000)_100_train.csv , 0 , 1.59775573414 , 12.6318361914
150(1000)_100_train.csv , 1 , 1.74644790084 , 7.60975835105
150(1000)_100_train.csv , 2 , 1.90452107432 , 6.44424751969
150(1000)_100_train.csv , 3 , 2.03656758655 , 5.9095895409
150(1000)_100_train.csv , 4 , 2.14955965929 , 5.60255014423
150(1000)_100_train.csv , 5 , 2.2486574241 , 5.40444977615
150(1000)_100_train.csv , 6 , 2.33713850853 , 5.26732398684
150(1000)_100_train.csv , 7 , 2.41717105209 , 5.1679067304
150(1000)_100_train.csv , 8 , 2.49026869644 , 5.09347211767
150(1000)_100_train.csv , 9 , 2.55753920461 , 5.03644121046
150(1000)_100_train.csv , 10 , 2.61982502598 , 4.99200547041
150(1000)_100_train.csv , 11 , 2.67778684194 , 4.95696158842
150(1000)_100_train.csv , 12 , 2.73195571841 , 4.92909153951
150(1000)_100_train.csv , 13 , 2.78276713519 , 4.90681067768
150(1000)_100_train.csv , 14 , 2.83058406928 , 4.88895722211
150(1000)_100_train.csv , 15 , 2.87571319004 , 4.87466074796
150(1000)_100_train.csv , 16 , 2.91841655759 , 4.86325698947
150(1000)_100_train.csv , 17 , 2.95892028851 , 4.85423091288
150(1000)_100_train.csv , 18 , 2.99742111668 , 4.84717765392
150(1000)_100_train.csv , 19 , 3.03409145534 , 4.84177508762
150(1000)_100_train.csv , 20 , 3.06908336799 , 4.83776417265
150(1000)_100_train.csv , 21 , 3.10253172861 , 4.83493461299
150(1000)_100_train.csv , 22 , 3.1345567692 , 4.83311423091
150(1000)_100_train.csv , 23 , 3.16526615646 , 4.83216097779
150(1000)_100_train.csv , 24 , 3.194756702 , 4.83195685094
150(1000)_100_train.csv , 25 , 3.22311578336 , 4.83240320759
150(1000)_100_train.csv , 26 , 3.25042253437 , 4.83341711705
150(1000)_100_train.csv , 27 , 3.27674884956 , 4.8349284938
150(1000)_100_train.csv , 28 , 3.30216023745 , 4.83687782425
150(1000)_100_train.csv , 29 , 3.32671654967 , 4.83921434967
150(1000)_100_train.csv , 30 , 3.35047260768 , 4.84189460296
150(1000)_100_train.csv , 31 , 3.37347874404 , 4.84488122203
150(1000)_100_train.csv , 32 , 3.39578127219 , 4.84814198152
150(1000)_100_train.csv , 33 , 3.41742289595 , 4.85164899774
150(1000)_100_train.csv , 34 , 3.43844306796 , 4.85537807238
150(1000)_100_train.csv , 35 , 3.45887830451 , 4.85930814787
150(1000)_100_train.csv , 36 , 3.47876246318 , 4.86342085318
150(1000)_100_train.csv , 37 , 3.49812698847 , 4.86770012338
150(1000)_100_train.csv , 38 , 3.51700112966 , 4.87213187946
150(1000)_100_train.csv , 39 , 3.53541213485 , 4.87670375799
150(1000)_100_train.csv , 40 , 3.55338542398 , 4.88140488177
150(1000)_100_train.csv , 41 , 3.57094474378 , 4.88622566472
150(1000)_100_train.csv , 42 , 3.5881123067 , 4.89115764522
150(1000)_100_train.csv , 43 , 3.60490891584 , 4.89619334335
150(1000)_100_train.csv , 44 , 3.62135407754 , 4.90132613823
150(1000)_100_train.csv , 45 , 3.63746610311 , 4.90655016226
150(1000)_100_train.csv , 46 , 3.65326220078 , 4.91186020976
150(1000)_100_train.csv , 47 , 3.6687585592 , 4.91725165782
150(1000)_100_train.csv , 48 , 3.68397042321 , 4.92272039749
150(1000)_100_train.csv , 49 , 3.69891216282 , 4.92826277392
150(1000)_100_train.csv , 50 , 3.71359733613 , 4.93387553408
150(1000)_100_train.csv , 51 , 3.7280387467 , 4.93955578107
150(1000)_100_train.csv , 52 , 3.7422484961 , 4.94530093406
150(1000)_100_train.csv , 53 , 3.75623803199 , 4.95110869309
150(1000)_100_train.csv , 54 , 3.77001819227 , 4.95697700816
150(1000)_100_train.csv , 55 , 3.78359924557 , 4.96290405192
150(1000)_100_train.csv , 56 , 3.79699092857 , 4.96888819561
150(1000)_100_train.csv , 57 , 3.81020248028 , 4.97492798774
150(1000)_100_train.csv , 58 , 3.82324267378 , 4.98102213527
150(1000)_100_train.csv , 59 , 3.83611984537 , 4.98716948681
150(1000)_100_train.csv , 60 , 3.84884192166 , 4.99336901781
150(1000)_100_train.csv , 61 , 3.86141644457 , 4.99961981733
150(1000)_100_train.csv , 62 , 3.87385059446 , 5.00592107622
150(1000)_100_train.csv , 63 , 3.88615121169 , 5.01227207668
150(1000)_100_train.csv , 64 , 3.89832481651 , 5.01867218283
150(1000)_100_train.csv , 65 , 3.91037762765 , 5.02512083234
150(1000)_100_train.csv , 66 , 3.92231557956 , 5.03161752893
150(1000)_100_train.csv , 67 , 3.93414433845 , 5.03816183565
150(1000)_100_train.csv , 68 , 3.94586931732 , 5.04475336886
150(1000)_100_train.csv , 69 , 3.95749568988 , 5.0513917928
150(1000)_100_train.csv , 70 , 3.96902840361 , 5.05807681472
150(1000)_100_train.csv , 71 , 3.98047219195 , 5.06480818058
150(1000)_100_train.csv , 72 , 3.9918315857 , 5.07158567102
150(1000)_100_train.csv , 73 , 4.00311092368 , 5.07840909789
150(1000)_100_train.csv , 74 , 4.01431436276 , 5.08527830103
150(1000)_100_train.csv , 75 , 4.02544588716 , 5.09219314542
150(1000)_100_train.csv , 76 , 4.03650931734 , 5.09915351855
150(1000)_100_train.csv , 77 , 4.04750831815 , 5.10615932807
150(1000)_100_train.csv , 78 , 4.05844640668 , 5.11321049974
150(1000)_100_train.csv , 79 , 4.06932695947 , 5.12030697543
150(1000)_100_train.csv , 80 , 4.08015321943 , 5.12744871147
150(1000)_100_train.csv , 81 , 4.09092830225 , 5.13463567701
150(1000)_100_train.csv , 82 , 4.10165520254 , 5.14186785268
150(1000)_100_train.csv , 83 , 4.11233679949 , 5.14914522924
150(1000)_100_train.csv , 84 , 4.12297586236 , 5.15646780649
150(1000)_100_train.csv , 85 , 4.13357505551 , 5.16383559215
150(1000)_100_train.csv , 86 , 4.14413694329 , 5.17124860097
150(1000)_100_train.csv , 87 , 4.15466399453 , 5.17870685382
150(1000)_100_train.csv , 88 , 4.1651585869 , 5.18621037695
150(1000)_100_train.csv , 89 , 4.17562301096 , 5.19375920128
150(1000)_100_train.csv , 90 , 4.186059474 , 5.20135336171
150(1000)_100_train.csv , 91 , 4.19647010372 , 5.20899289663
150(1000)_100_train.csv , 92 , 4.2068569517 , 5.21667784731
150(1000)_100_train.csv , 93 , 4.21722199663 , 5.22440825747
150(1000)_100_train.csv , 94 , 4.22756714745 , 5.23218417287
150(1000)_100_train.csv , 95 , 4.23789424632 , 5.24000564086
150(1000)_100_train.csv , 96 , 4.24820507139 , 5.24787271011
150(1000)_100_train.csv , 97 , 4.25850133948 , 5.2557854302
150(1000)_100_train.csv , 98 , 4.2687847086 , 5.26374385143
150(1000)_100_train.csv , 99 , 4.27905678035 , 5.27174802451
150(1000)_100_train.csv , 100 , 4.28931910222 , 5.27979800032
150(1000)_100_train.csv , 101 , 4.29957316976 , 5.28789382974
150(1000)_100_train.csv , 102 , 4.30982042865 , 5.29603556343
150(1000)_100_train.csv , 103 , 4.32006227667 , 5.30422325169
150(1000)_100_train.csv , 104 , 4.33030006558 , 5.31245694427
150(1000)_100_train.csv , 105 , 4.34053510292 , 5.3207366903
150(1000)_100_train.csv , 106 , 4.35076865369 , 5.3290625381
150(1000)_100_train.csv , 107 , 4.36100194203 , 5.33743453511
150(1000)_100_train.csv , 108 , 4.37123615271 , 5.34585272781
150(1000)_100_train.csv , 109 , 4.38147243266 , 5.35431716161
150(1000)_100_train.csv , 110 , 4.39171189239 , 5.36282788079
150(1000)_100_train.csv , 111 , 4.40195560729 , 5.37138492842
150(1000)_100_train.csv , 112 , 4.41220461899 , 5.37998834633
150(1000)_100_train.csv , 113 , 4.42245993655 , 5.38863817505
150(1000)_100_train.csv , 114 , 4.43272253767 , 5.39733445377
150(1000)_100_train.csv , 115 , 4.44299336981 , 5.4060772203
150(1000)_100_train.csv , 116 , 4.45327335125 , 5.41486651105
150(1000)_100_train.csv , 117 , 4.46356337217 , 5.42370236099
150(1000)_100_train.csv , 118 , 4.47386429562 , 5.43258480367
150(1000)_100_train.csv , 119 , 4.48417695846 , 5.44151387114
150(1000)_100_train.csv , 120 , 4.4945021723 , 5.45048959401
150(1000)_100_train.csv , 121 , 4.50484072432 , 5.4595120014
150(1000)_100_train.csv , 122 , 4.51519337819 , 5.46858112094
150(1000)_100_train.csv , 123 , 4.52556087478 , 5.47769697878
150(1000)_100_train.csv , 124 , 4.535943933 , 5.48685959959
150(1000)_100_train.csv , 125 , 4.5463432505 , 5.49606900654
150(1000)_100_train.csv , 126 , 4.55675950442 , 5.50532522135
150(1000)_100_train.csv , 127 , 4.56719335202 , 5.51462826425
150(1000)_100_train.csv , 128 , 4.57764543135 , 5.52397815403
150(1000)_100_train.csv , 129 , 4.58811636192 , 5.53337490803
150(1000)_100_train.csv , 130 , 4.59860674524 , 5.54281854213
150(1000)_100_train.csv , 131 , 4.60911716546 , 5.55230907083
150(1000)_100_train.csv , 132 , 4.61964818988 , 5.56184650718
150(1000)_100_train.csv , 133 , 4.63020036952 , 5.57143086286
150(1000)_100_train.csv , 134 , 4.64077423962 , 5.58106214817
150(1000)_100_train.csv , 135 , 4.65137032014 , 5.59074037205
150(1000)_100_train.csv , 136 , 4.66198911624 , 5.60046554209
150(1000)_100_train.csv , 137 , 4.67263111876 , 5.61023766456
150(1000)_100_train.csv , 138 , 4.68329680461 , 5.62005674444
150(1000)_100_train.csv , 139 , 4.69398663727 , 5.62992278539
150(1000)_100_train.csv , 140 , 4.70470106713 , 5.63983578982
150(1000)_100_train.csv , 141 , 4.71544053194 , 5.64979575889
150(1000)_100_train.csv , 142 , 4.72620545718 , 5.65980269253
150(1000)_100_train.csv , 143 , 4.73699625641 , 5.66985658945
150(1000)_100_train.csv , 144 , 4.74781333163 , 5.67995744719
150(1000)_100_train.csv , 145 , 4.75865707364 , 5.6901052621
150(1000)_100_train.csv , 146 , 4.76952786238 , 5.70030002939
150(1000)_100_train.csv , 147 , 4.78042606719 , 5.71054174313
150(1000)_100_train.csv , 148 , 4.79135204721 , 5.72083039627
150(1000)_100_train.csv , 149 , 4.80230615157 , 5.7311659807
150(1000)_100_train.csv , 150 , 4.81328871979 , 5.74154848721
train-100-100.csv , 0 , 393.696835067 , 9381.94357655
train-100-100.csv , 1 , 0.489825668855 , 9.4535514293
train-100-100.csv , 2 , 0.773395073843 , 7.6315832333
train-100-100.csv , 3 , 0.998500920775 , 6.8001974087
train-100-100.csv , 4 , 1.18740083823 , 6.31620649566
train-100-100.csv , 5 , 1.35041221043 , 6.00062763859
train-100-100.csv , 6 , 1.4936643135 , 5.78071961698
train-100-100.csv , 7 , 1.62124158715 , 5.62067019035
train-100-100.csv , 8 , 1.73605136058 , 5.50062385045
train-100-100.csv , 9 , 1.84025501192 , 5.4086339989
train-100-100.csv , 10 , 1.93551064654 , 5.33706699626
train-100-100.csv , 11 , 2.02312142682 , 5.28081373637
train-100-100.csv , 12 , 2.10413167032 , 5.23632609403
train-100-100.csv , 13 , 2.17939187218 , 5.2010644166
train-100-100.csv , 14 , 2.2496042169 , 5.17316444916
train-100-100.csv , 15 , 2.31535531853 , 5.15122809753
train-100-100.csv , 16 , 2.37714031615 , 5.13418736208
train-100-100.csv , 17 , 2.43538095447 , 5.12121320722
train-100-100.csv , 18 , 2.49043938067 , 5.11165295293
train-100-100.csv , 19 , 2.54262882893 , 5.10498629428
train-100-100.csv , 20 , 2.59222200365 , 5.10079379491
train-100-100.csv , 21 , 2.63945773476 , 5.09873391987
train-100-100.csv , 22 , 2.68454631737 , 5.09852603023
train-100-100.csv , 23 , 2.72767383742 , 5.09993761361
train-100-100.csv , 24 , 2.76900570665 , 5.10277457287
train-100-100.csv , 25 , 2.80868957482 , 5.10687375438
train-100-100.csv , 26 , 2.84685774675 , 5.11209713824
train-100-100.csv , 27 , 2.88362920218 , 5.11832727663
train-100-100.csv , 28 , 2.91911129438 , 5.12546367986
train-100-100.csv , 29 , 2.95340118717 , 5.13341992955
train-100-100.csv , 30 , 2.98658707731 , 5.14212135467
train-100-100.csv , 31 , 3.01874923951 , 5.15150314745
train-100-100.csv , 32 , 3.04996092442 , 5.16150882559
train-100-100.csv , 33 , 3.08028913343 , 5.17208896935
train-100-100.csv , 34 , 3.10979529024 , 5.18320017825
train-100-100.csv , 35 , 3.1385358252 , 5.19480420448
train-100-100.csv , 36 , 3.16656268568 , 5.20686722944
train-100-100.csv , 37 , 3.1939237834 , 5.21935925668
train-100-100.csv , 38 , 3.22066338785 , 5.23225360031
train-100-100.csv , 39 , 3.24682247337 , 5.24552645199
train-100-100.csv , 40 , 3.27243902636 , 5.25915651273
train-100-100.csv , 41 , 3.29754831779 , 5.27312467887
train-100-100.csv , 42 , 3.32218314587 , 5.28741377305
train-100-100.csv , 43 , 3.34637405243 , 5.30200831299
train-100-100.csv , 44 , 3.3701495165 , 5.3168943121
train-100-100.csv , 45 , 3.39353612789 , 5.33205910698
train-100-100.csv , 46 , 3.41655874313 , 5.34749120773
train-100-100.csv , 47 , 3.43924062591 , 5.36318016771
train-100-100.csv , 48 , 3.46160357379 , 5.37911646976
train-100-100.csv , 49 , 3.48366803278 , 5.3952914268
train-100-100.csv , 50 , 3.50545320116 , 5.41169709445
train-100-100.csv , 51 , 3.52697712367 , 5.42832619434
train-100-100.csv , 52 , 3.54825677713 , 5.44517204637
train-100-100.csv , 53 , 3.56930814845 , 5.46222850894
train-100-100.csv , 54 , 3.59014630576 , 5.479489926
train-100-100.csv , 55 , 3.61078546341 , 5.49695108006
train-100-100.csv , 56 , 3.63123904143 , 5.51460715041
train-100-100.csv , 57 , 3.65151972 , 5.53245367589
train-100-100.csv , 58 , 3.67163948946 , 5.55048652169
train-100-100.csv , 59 , 3.69160969624 , 5.56870184964
train-100-100.csv , 60 , 3.71144108513 , 5.58709609159
train-100-100.csv , 61 , 3.7311438382 , 5.60566592552
train-100-100.csv , 62 , 3.75072761072 , 5.62440825413
train-100-100.csv , 63 , 3.77020156429 , 5.64332018546
train-100-100.csv , 64 , 3.78957439754 , 5.66239901554
train-100-100.csv , 65 , 3.80885437445 , 5.68164221262
train-100-100.csv , 66 , 3.82804935068 , 5.70104740294
train-100-100.csv , 67 , 3.8471667979 , 5.72061235792
train-100-100.csv , 68 , 3.86621382649 , 5.74033498243
train-100-100.csv , 69 , 3.88519720649 , 5.7602133042
train-100-100.csv , 70 , 3.90412338726 , 5.78024546422
train-100-100.csv , 71 , 3.92299851564 , 5.80042970792
train-100-100.csv , 72 , 3.94182845294 , 5.82076437723
train-100-100.csv , 73 , 3.9606187908 , 5.84124790325
train-100-100.csv , 74 , 3.97937486597 , 5.86187879961
train-100-100.csv , 75 , 3.99810177409 , 5.88265565639
train-100-100.csv , 76 , 4.01680438269 , 5.90357713452
train-100-100.csv , 77 , 4.0354873432 , 5.92464196068
train-100-100.csv , 78 , 4.05415510234 , 5.94584892264
train-100-100.csv , 79 , 4.07281191268 , 5.96719686492
train-100-100.csv , 80 , 4.09146184267 , 5.98868468486
train-100-100.csv , 81 , 4.11010878591 , 6.01031132898
train-100-100.csv , 82 , 4.12875646998 , 6.03207578961
train-100-100.csv , 83 , 4.14740846469 , 6.05397710184
train-100-100.csv , 84 , 4.16606818984 , 6.07601434063
train-100-100.csv , 85 , 4.1847389225 , 6.0981866182
train-100-100.csv , 86 , 4.20342380396 , 6.12049308161
train-100-100.csv , 87 , 4.22212584613 , 6.1429329105
train-100-100.csv , 88 , 4.24084793775 , 6.16550531502
train-100-100.csv , 89 , 4.25959285008 , 6.18820953386
train-100-100.csv , 90 , 4.27836324241 , 6.21104483253
train-100-100.csv , 91 , 4.29716166718 , 6.23401050167
train-100-100.csv , 92 , 4.31599057485 , 6.25710585551
train-100-100.csv , 93 , 4.3348523185 , 6.28033023043
train-100-100.csv , 94 , 4.3537491582 , 6.30368298365
train-100-100.csv , 95 , 4.37268326513 , 6.32716349201
train-100-100.csv , 96 , 4.39165672548 , 6.35077115076
train-100-100.csv , 97 , 4.41067154413 , 6.37450537257
train-100-100.csv , 98 , 4.42972964821 , 6.39836558644
train-100-100.csv , 99 , 4.4488328904 , 6.42235123685
train-100-100.csv , 100 , 4.46798305208 , 6.44646178283
train-100-100.csv , 101 , 4.48718184634 , 6.47069669718
train-100-100.csv , 102 , 4.50643092087 , 6.49505546571
train-100-100.csv , 103 , 4.5257318606 , 6.5195375865
train-100-100.csv , 104 , 4.54508619032 , 6.54414256927
train-100-100.csv , 105 , 4.56449537715 , 6.56886993473
train-100-100.csv , 106 , 4.58396083281 , 6.59371921404
train-100-100.csv , 107 , 4.60348391589 , 6.61868994821
train-100-100.csv , 108 , 4.62306593397 , 6.64378168762
train-100-100.csv , 109 , 4.6427081456 , 6.66899399154
train-100-100.csv , 110 , 4.66241176223 , 6.69432642766
train-100-100.csv , 111 , 4.68217795008 , 6.71977857169
train-100-100.csv , 112 , 4.70200783184 , 6.74535000695
train-100-100.csv , 113 , 4.72190248837 , 6.77104032399
train-100-100.csv , 114 , 4.74186296026 , 6.79684912026
train-100-100.csv , 115 , 4.76189024941 , 6.82277599974
train-100-100.csv , 116 , 4.7819853204 , 6.84882057268
train-100-100.csv , 117 , 4.80214910196 , 6.87498245526
train-100-100.csv , 118 , 4.82238248824 , 6.90126126936
train-100-100.csv , 119 , 4.84268634011 , 6.92765664223
train-100-100.csv , 120 , 4.86306148636 , 6.95416820633
train-100-100.csv , 121 , 4.88350872489 , 6.98079559902
train-100-100.csv , 122 , 4.90402882379 , 7.00753846241
train-100-100.csv , 123 , 4.9246225224 , 7.03439644309
train-100-100.csv , 124 , 4.94529053238 , 7.06136919198
train-100-100.csv , 125 , 4.96603353864 , 7.08845636412
train-100-100.csv , 126 , 4.98685220031 , 7.11565761852
train-100-100.csv , 127 , 5.00774715161 , 7.14297261797
train-100-100.csv , 128 , 5.02871900274 , 7.17040102889
train-100-100.csv , 129 , 5.0497683407 , 7.1979425212
train-100-100.csv , 130 , 5.07089573008 , 7.22559676815
train-100-100.csv , 131 , 5.09210171381 , 7.25336344621
train-100-100.csv , 132 , 5.11338681391 , 7.28124223496
train-100-100.csv , 133 , 5.1347515322 , 7.30923281691
train-100-100.csv , 134 , 5.15619635096 , 7.33733487745
train-100-100.csv , 135 , 5.17772173358 , 7.36554810472
train-100-100.csv , 136 , 5.19932812518 , 7.39387218951
train-100-100.csv , 137 , 5.22101595324 , 7.42230682513
train-100-100.csv , 138 , 5.24278562814 , 7.4508517074
train-100-100.csv , 139 , 5.26463754373 , 7.47950653447
train-100-100.csv , 140 , 5.28657207787 , 7.50827100679
train-100-100.csv , 141 , 5.30858959294 , 7.53714482705
train-100-100.csv , 142 , 5.33069043634 , 7.56612770002
train-100-100.csv , 143 , 5.35287494093 , 7.5952193326
train-100-100.csv , 144 , 5.37514342557 , 7.62441943363
train-100-100.csv , 145 , 5.39749619547 , 7.65372771392
train-100-100.csv , 146 , 5.41993354269 , 7.68314388613
train-100-100.csv , 147 , 5.44245574649 , 7.71266766476
train-100-100.csv , 148 , 5.46506307379 , 7.74229876603
train-100-100.csv , 149 , 5.48775577948 , 7.77203690789
train-100-100.csv , 150 , 5.51053410687 , 7.80188180993
50(1000)_100_train.csv , 0 , 129146.500859 , 10515613.4661
50(1000)_100_train.csv , 1 , 0.385822448947 , 6.77964969
50(1000)_100_train.csv , 2 , 0.75179064648 , 6.01732604991
50(1000)_100_train.csv , 3 , 1.02697739108 , 5.73951979674
50(1000)_100_train.csv , 4 , 1.24619012367 , 5.6116921792
50(1000)_100_train.csv , 5 , 1.42916340212 , 5.54721938507
50(1000)_100_train.csv , 6 , 1.58687826503 , 5.51488596178
50(1000)_100_train.csv , 7 , 1.72591284683 , 5.50097256726
50(1000)_100_train.csv , 8 , 1.85050145809 , 5.4985819318
50(1000)_100_train.csv , 9 , 1.96353960335 , 5.50389237532
50(1000)_100_train.csv , 10 , 2.06710725836 , 5.51462515292
50(1000)_100_train.csv , 11 , 2.16275919423 , 5.52934179278
50(1000)_100_train.csv , 12 , 2.25169550617 , 5.54709213434
50(1000)_100_train.csv , 13 , 2.33486692789 , 5.56722508213
50(1000)_100_train.csv , 14 , 2.41304278898 , 5.58928077421
50(1000)_100_train.csv , 15 , 2.48685658211 , 5.61292610354
50(1000)_100_train.csv , 16 , 2.55683755937 , 5.63791456251
50(1000)_100_train.csv , 17 , 2.62343329355 , 5.66406035376
50(1000)_100_train.csv , 18 , 2.68702620641 , 5.69122119416
50(1000)_100_train.csv , 19 , 2.74794595213 , 5.71928659393
50(1000)_100_train.csv , 20 , 2.80647887956 , 5.74816968558
50(1000)_100_train.csv , 21 , 2.86287538834 , 5.77780141331
50(1000)_100_train.csv , 22 , 2.91735573507 , 5.80812632791
50(1000)_100_train.csv , 23 , 2.97011467809 , 5.83909949563
50(1000)_100_train.csv , 24 , 3.02132523752 , 5.87068419413
50(1000)_100_train.csv , 25 , 3.07114177136 , 5.90285017314
50(1000)_100_train.csv , 26 , 3.11970251606 , 5.93557232683
50(1000)_100_train.csv , 27 , 3.16713170247 , 5.96882966965
50(1000)_100_train.csv , 28 , 3.21354133171 , 6.00260453909
50(1000)_100_train.csv , 29 , 3.25903267598 , 6.03688196966
50(1000)_100_train.csv , 30 , 3.30369755481 , 6.07164919748
50(1000)_100_train.csv , 31 , 3.34761942667 , 6.10689526547
50(1000)_100_train.csv , 32 , 3.39087432753 , 6.1426107065
50(1000)_100_train.csv , 33 , 3.43353168177 , 6.17878728767
50(1000)_100_train.csv , 34 , 3.47565500591 , 6.21541780273
50(1000)_100_train.csv , 35 , 3.51730252186 , 6.25249590261
50(1000)_100_train.csv , 36 , 3.55852769349 , 6.29001595653
50(1000)_100_train.csv , 37 , 3.59937969758 , 6.32797293754
50(1000)_100_train.csv , 38 , 3.63990383887 , 6.36636232781
50(1000)_100_train.csv , 39 , 3.68014191672 , 6.40518004006
50(1000)_100_train.csv , 40 , 3.72013255015 , 6.44442235198
50(1000)_100_train.csv , 41 , 3.7599114668 , 6.48408585147
50(1000)_100_train.csv , 42 , 3.79951176036 , 6.52416739059
50(1000)_100_train.csv , 43 , 3.83896412069 , 6.56466404688
50(1000)_100_train.csv , 44 , 3.87829703984 , 6.60557309075
50(1000)_100_train.csv , 45 , 3.91753699698 , 6.64689195777
50(1000)_100_train.csv , 46 , 3.95670862482 , 6.68861822532
50(1000)_100_train.csv , 47 , 3.99583485959 , 6.7307495926
50(1000)_100_train.csv , 48 , 4.03493707649 , 6.77328386374
50(1000)_100_train.csv , 49 , 4.07403521229 , 6.81621893327
50(1000)_100_train.csv , 50 , 4.11314787649 , 6.85955277378
50(1000)_100_train.csv , 51 , 4.15229245223 , 6.90328342532
50(1000)_100_train.csv , 52 , 4.19148518813 , 6.9474089863
50(1000)_100_train.csv , 53 , 4.2307412819 , 6.99192760574
50(1000)_100_train.csv , 54 , 4.27007495672 , 7.0368374765
50(1000)_100_train.csv , 55 , 4.309499531 , 7.08213682959
50(1000)_100_train.csv , 56 , 4.3490274822 , 7.12782392914
50(1000)_100_train.csv , 57 , 4.38867050538 , 7.17389706816
50(1000)_100_train.csv , 58 , 4.42843956688 , 7.22035456483
50(1000)_100_train.csv , 59 , 4.46834495365 , 7.26719475933
50(1000)_100_train.csv , 60 , 4.50839631869 , 7.31441601109
50(1000)_100_train.csv , 61 , 4.54860272281 , 7.36201669642
50(1000)_100_train.csv , 62 , 4.58897267325 , 7.40999520647
50(1000)_100_train.csv , 63 , 4.62951415924 , 7.45834994544
50(1000)_100_train.csv , 64 , 4.67023468494 , 7.50707932911
50(1000)_100_train.csv , 65 , 4.71114129988 , 7.55618178349
50(1000)_100_train.csv , 66 , 4.75224062715 , 7.60565574371
50(1000)_100_train.csv , 67 , 4.79353888957 , 7.65549965305
50(1000)_100_train.csv , 68 , 4.83504193394 , 7.7057119621
50(1000)_100_train.csv , 69 , 4.87675525362 , 7.75629112807
50(1000)_100_train.csv , 70 , 4.91868400944 , 7.80723561414
50(1000)_100_train.csv , 71 , 4.96083304923 , 7.85854388902
50(1000)_100_train.csv , 72 , 5.00320692603 , 7.91021442641
50(1000)_100_train.csv , 73 , 5.04580991496 , 7.96224570471
50(1000)_100_train.csv , 74 , 5.08864602908 , 8.01463620669
50(1000)_100_train.csv , 75 , 5.13171903413 , 8.06738441919
50(1000)_100_train.csv , 76 , 5.17503246231 , 8.12048883296
50(1000)_100_train.csv , 77 , 5.21858962523 , 8.17394794243
50(1000)_100_train.csv , 78 , 5.2623936259 , 8.22776024563
50(1000)_100_train.csv , 79 , 5.30644737014 , 8.281924244
50(1000)_100_train.csv , 80 , 5.35075357707 , 8.33643844237
50(1000)_100_train.csv , 81 , 5.39531478917 , 8.39130134884
50(1000)_100_train.csv , 82 , 5.44013338149 , 8.44651147478
50(1000)_100_train.csv , 83 , 5.48521157054 , 8.50206733474
50(1000)_100_train.csv , 84 , 5.5305514224 , 8.55796744648
50(1000)_100_train.csv , 85 , 5.57615486058 , 8.61421033095
50(1000)_100_train.csv , 86 , 5.62202367324 , 8.67079451228
50(1000)_100_train.csv , 87 , 5.66815952007 , 8.72771851779
50(1000)_100_train.csv , 88 , 5.71456393878 , 8.78498087803
50(1000)_100_train.csv , 89 , 5.76123835115 , 8.8425801268
50(1000)_100_train.csv , 90 , 5.80818406883 , 8.90051480114
50(1000)_100_train.csv , 91 , 5.85540229874 , 8.95878344143
50(1000)_100_train.csv , 92 , 5.90289414822 , 9.01738459137
50(1000)_100_train.csv , 93 , 5.95066062981 , 9.07631679805
50(1000)_100_train.csv , 94 , 5.99870266591 , 9.13557861196
50(1000)_100_train.csv , 95 , 6.04702109306 , 9.19516858709
50(1000)_100_train.csv , 96 , 6.09561666602 , 9.25508528091
50(1000)_100_train.csv , 97 , 6.1444900617 , 9.31532725445
50(1000)_100_train.csv , 98 , 6.1936418828 , 9.37589307234
50(1000)_100_train.csv , 99 , 6.24307266128 , 9.43678130285
50(1000)_100_train.csv , 100 , 6.29278286169 , 9.49799051791
50(1000)_100_train.csv , 101 , 6.34277288429 , 9.55951929323
50(1000)_100_train.csv , 102 , 6.39304306798 , 9.62136620825
50(1000)_100_train.csv , 103 , 6.44359369319 , 9.68352984623
50(1000)_100_train.csv , 104 , 6.49442498451 , 9.7460087943
50(1000)_100_train.csv , 105 , 6.54553711322 , 9.80880164348
50(1000)_100_train.csv , 106 , 6.59693019977 , 9.87190698872
50(1000)_100_train.csv , 107 , 6.648604316 , 9.93532342895
50(1000)_100_train.csv , 108 , 6.7005594874 , 9.99904956712
50(1000)_100_train.csv , 109 , 6.75279569513 , 10.0630840102
50(1000)_100_train.csv , 110 , 6.80531287806 , 10.1274253693
50(1000)_100_train.csv , 111 , 6.8581109346 , 10.1920722595
50(1000)_100_train.csv , 112 , 6.91118972452 , 10.2570233003
50(1000)_100_train.csv , 113 , 6.96454907069 , 10.322277115
50(1000)_100_train.csv , 114 , 7.01818876066 , 10.3878323315
50(1000)_100_train.csv , 115 , 7.07210854828 , 10.4536875816
50(1000)_100_train.csv , 116 , 7.12630815512 , 10.5198415015
50(1000)_100_train.csv , 117 , 7.18078727193 , 10.5862927319
50(1000)_100_train.csv , 118 , 7.23554556 , 10.6530399174
50(1000)_100_train.csv , 119 , 7.2905826524 , 10.7200817071
50(1000)_100_train.csv , 120 , 7.34589815529 , 10.7874167546
50(1000)_100_train.csv , 121 , 7.40149164903 , 10.8550437178
50(1000)_100_train.csv , 122 , 7.45736268935 , 10.9229612588
50(1000)_100_train.csv , 123 , 7.51351080842 , 10.9911680444
50(1000)_100_train.csv , 124 , 7.56993551586 , 11.0596627455
50(1000)_100_train.csv , 125 , 7.62663629976 , 11.1284440378
50(1000)_100_train.csv , 126 , 7.6836126276 , 11.1975106012
50(1000)_100_train.csv , 127 , 7.74086394715 , 11.2668611202
50(1000)_100_train.csv , 128 , 7.79838968737 , 11.3364942836
50(1000)_100_train.csv , 129 , 7.85618925919 , 11.406408785
50(1000)_100_train.csv , 130 , 7.91426205634 , 11.4766033223
50(1000)_100_train.csv , 131 , 7.97260745608 , 11.5470765978
50(1000)_100_train.csv , 132 , 8.03122481997 , 11.6178273186
50(1000)_100_train.csv , 133 , 8.09011349452 , 11.6888541961
50(1000)_100_train.csv , 134 , 8.14927281191 , 11.7601559463
50(1000)_100_train.csv , 135 , 8.20870209057 , 11.8317312899
50(1000)_100_train.csv , 136 , 8.26840063586 , 11.9035789519
50(1000)_100_train.csv , 137 , 8.32836774063 , 11.975697662
50(1000)_100_train.csv , 138 , 8.38860268578 , 12.0480861543
50(1000)_100_train.csv , 139 , 8.44910474083 , 12.1207431678
50(1000)_100_train.csv , 140 , 8.50987316441 , 12.1936674455
50(1000)_100_train.csv , 141 , 8.57090720479 , 12.2668577356
50(1000)_100_train.csv , 142 , 8.63220610035 , 12.3403127903
50(1000)_100_train.csv , 143 , 8.69376908005 , 12.4140313666
50(1000)_100_train.csv , 144 , 8.75559536388 , 12.4880122263
50(1000)_100_train.csv , 145 , 8.81768416325 , 12.5622541352
50(1000)_100_train.csv , 146 , 8.88003468146 , 12.6367558642
50(1000)_100_train.csv , 147 , 8.94264611405 , 12.7115161884
50(1000)_100_train.csv , 148 , 9.00551764921 , 12.7865338876
50(1000)_100_train.csv , 149 , 9.06864846811 , 12.8618077462
50(1000)_100_train.csv , 150 , 9.13203774529 , 12.9373365529
